%%MatrixMarket matrix coordinate real general
958 958 5413
1 1 21.000000
1 3 16.000000
1 6 12.000000
1 7 8.000000
1 86 85.000000
1 262 259.000000
1 263 1040.000000
1 270 536.000000
2 2 4.000000
2 7 18.000000
2 13 28.000000
2 106 212.000000
2 193 382.000000
3 1 16.000000
3 3 25.000000
3 5 24.000000
3 6 12.000000
3 10 33.000000
3 172 510.000000
3 173 513.000000
3 263 1040.000000
4 4 41.000000
4 12 75.000000
4 17 55.000000
4 19 84.000000
4 24 100.000000
4 264 1044.000000
4 272 1076.000000
5 3 24.000000
5 5 125.000000
5 10 88.000000
5 17 120.000000
5 27 318.000000
5 34 175.000000
5 37 190.000000
5 87 516.000000
5 109 648.000000
5 172 1360.000000
5 173 1368.000000
5 194 1158.000000
5 195 970.000000
5 265 1310.000000
5 266 1315.000000
6 1 12.000000
6 3 12.000000
6 6 45.000000
6 8 54.000000
6 40 258.000000
6 50 306.000000
6 263 780.000000
6 268 1590.000000
6 269 1596.000000
7 1 8.000000
7 2 18.000000
7 7 243.000000
7 13 126.000000
7 28 266.000000
7 40 287.000000
7 61 434.000000
7 64 455.000000
7 67 420.000000
7 86 680.000000
7 106 954.000000
7 175 1211.000000
7 177 1225.000000
7 193 1719.000000
7 262 2072.000000
7 267 1848.000000
8 6 54.000000
8 8 145.000000
8 40 387.000000
8 48 400.000000
8 50 459.000000
8 57 464.000000
8 60 448.000000
8 90 712.000000
8 177 1400.000000
8 178 1408.000000
8 268 2385.000000
8 269 2394.000000
8 270 2136.000000
9 9 162.000000
9 10 90.000000
9 31 306.000000
9 46 468.000000
9 66 828.000000
9 81 738.000000
9 84 315.000000
9 93 828.000000
9 94 855.000000
9 96 855.000000
9 197 1755.000000
9 272 2421.000000
9 274 2439.000000
10 3 33.000000
10 5 88.000000
10 9 90.000000
10 10 321.000000
10 13 140.000000
10 46 520.000000
10 66 920.000000
10 69 770.000000
10 93 1840.000000
10 94 950.000000
10 103 1040.000000
10 106 630.000000
10 172 1870.000000
10 173 1881.000000
10 181 1790.000000
10 197 1950.000000
10 201 2000.000000
10 272 2690.000000
10 274 2710.000000
11 11 265.000000
11 76 1100.000000
11 84 1020.000000
11 87 1056.000000
11 92 1092.000000
11 94 1023.000000
11 107 1188.000000
11 113 1232.000000
11 271 3216.000000
12 4 75.000000
12 12 682.000000
12 17 165.000000
12 36 585.000000
12 90 1183.000000
12 94 1116.000000
12 95 2350.000000
12 111 1404.000000
12 119 1440.000000
12 131 1584.000000
12 179 2301.000000
12 180 2314.000000
12 183 2172.000000
12 194 2304.000000
12 277 3288.000000
12 283 3372.000000
13 2 28.000000
13 7 126.000000
13 10 140.000000
13 13 561.000000
13 69 1078.000000
13 93 1288.000000
13 96 1235.000000
13 103 1456.000000
13 106 2366.000000
13 134 1794.000000
13 140 1833.000000
13 181 2506.000000
13 193 2674.000000
13 201 2800.000000
13 274 3794.000000
13 277 3562.000000
14 14 196.000000
14 83 1218.000000
14 119 1652.000000
14 150 2114.000000
14 185 2562.000000
15 15 999.000000
15 20 252.000000
15 24 360.000000
15 87 1548.000000
15 88 1566.000000
15 94 1455.000000
15 97 1440.000000
15 98 1455.000000
15 99 1470.000000
15 104 2370.000000
15 118 2520.000000
15 147 2220.000000
15 172 2595.000000
15 185 2745.000000
15 208 3105.000000
15 280 4155.000000
16 16 512.000000
16 88 1440.000000
16 100 1584.000000
16 105 1664.000000
16 153 2464.000000
16 156 2512.000000
16 175 2864.000000
16 184 2960.000000
16 187 2960.000000
16 282 4464.000000
16 284 4496.000000
17 4 55.000000
17 5 120.000000
17 12 165.000000
17 17 1099.000000
17 18 306.000000
17 27 560.000000
17 87 1720.000000
17 101 1717.000000
17 104 1751.000000
17 109 2160.000000
17 142 3332.000000
17 186 3128.000000
17 187 3145.000000
17 189 3230.000000
17 194 3860.000000
17 202 3400.000000
17 283 4760.000000
18 17 306.000000
18 18 648.000000
18 101 1818.000000
18 144 3816.000000
18 186 3312.000000
18 187 3330.000000
18 189 3420.000000
18 283 5040.000000
18 287 5112.000000
19 4 84.000000
19 19 1524.000000
19 24 525.000000
19 103 1938.000000
19 104 1957.000000
19 162 3230.000000
19 171 3344.000000
19 177 3420.000000
19 201 3857.000000
19 206 3876.000000
19 209 3990.000000
19 226 2983.000000
19 234 4465.000000
19 237 3382.000000
19 264 5481.000000
19 272 5649.000000
19 285 5358.000000
20 15 252.000000
20 20 996.000000
20 87 1204.000000
20 88 1218.000000
20 128 2560.000000
20 191 3780.000000
20 199 4080.000000
20 229 4660.000000
20 241 4960.000000
20 287 5680.000000
20 288 5700.000000
20 291 5780.000000
21 21 2291.000000
21 106 2205.000000
21 107 2332.000000
21 115 2552.000000
21 174 3784.000000
21 182 3960.000000
21 189 3927.000000
21 191 3969.000000
21 192 3990.000000
21 211 5502.000000
21 212 4431.000000
21 221 4767.000000
21 229 4830.000000
21 232 3507.000000
21 246 5376.000000
21 258 5439.000000
21 266 5607.000000
21 275 5984.000000
21 276 6006.000000
21 288 6006.000000
21 290 6027.000000
21 292 6090.000000
22 22 1013.000000
22 31 736.000000
22 174 3956.000000
22 178 4071.000000
22 193 4202.000000
22 277 6325.000000
22 278 4686.000000
22 293 6380.000000
23 23 1058.000000
23 108 2461.000000
23 192 4370.000000
23 222 6463.000000
23 273 6302.000000
23 276 6302.000000
23 285 5060.000000
24 4 100.000000
24 15 360.000000
24 19 525.000000
24 24 2353.000000
24 25 600.000000
24 42 1008.000000
24 99 2352.000000
24 110 5232.000000
24 116 2760.000000
24 118 4032.000000
24 172 4152.000000
24 208 4968.000000
24 261 7416.000000
24 264 6525.000000
24 272 6725.000000
24 297 7152.000000
24 300 7224.000000
24 303 5472.000000
24 311 7488.000000
25 24 600.000000
25 25 1250.000000
25 110 2725.000000
25 115 2850.000000
25 245 6300.000000
25 261 7725.000000
25 310 7925.000000
25 311 7800.000000
25 319 8000.000000
26 26 2081.000000
26 101 2700.000000
26 106 2835.000000
26 124 4810.000000
26 139 5265.000000
26 192 5018.000000
26 195 3250.000000
26 197 5346.000000
26 200 3672.000000
26 208 5562.000000
26 210 5434.000000
26 254 7956.000000
26 323 8424.000000
26 326 6630.000000
27 5 318.000000
27 17 560.000000
27 27 3142.000000
27 34 1050.000000
27 37 1140.000000
27 87 2408.000000
27 109 3024.000000
27 112 2997.000000
27 113 3024.000000
27 114 3051.000000
27 120 3213.000000
27 194 5404.000000
27 195 5820.000000
27 200 5346.000000
27 265 7860.000000
27 266 7890.000000
27 278 9180.000000
27 316 8910.000000
27 332 8991.000000
27 342 7641.000000
28 7 266.000000
28 28 3853.000000
28 40 1558.000000
28 107 2968.000000
28 117 3248.000000
28 125 3625.000000
28 156 4785.000000
28 175 6574.000000
28 177 6650.000000
28 188 5394.000000
28 221 6438.000000
28 224 4727.000000
28 267 10032.000000
28 272 7644.000000
28 286 8207.000000
28 293 9604.000000
28 348 9772.000000
29 29 1682.000000
29 118 3393.000000
29 214 6148.000000
29 287 9947.000000
29 294 8700.000000
29 345 10034.000000
29 358 10556.000000
29 366 10643.000000
30 30 2700.000000
30 32 990.000000
30 105 3120.000000
30 114 3390.000000
30 115 3420.000000
30 124 3690.000000
30 136 4080.000000
30 209 6210.000000
30 215 6420.000000
30 217 6480.000000
30 249 7500.000000
30 355 10710.000000
30 359 10800.000000
30 368 11280.000000
30 379 11400.000000
31 9 306.000000
31 22 736.000000
31 31 4102.000000
31 32 992.000000
31 81 2788.000000
31 84 1190.000000
31 96 3230.000000
31 174 5504.000000
31 178 5664.000000
31 205 6293.000000
31 206 6324.000000
31 217 6665.000000
31 274 9214.000000
31 277 8800.000000
31 311 9951.000000
31 327 11873.000000
31 383 11904.000000
31 393 12214.000000
32 30 990.000000
32 31 992.000000
32 32 2113.000000
32 115 3762.000000
32 136 4488.000000
32 205 6496.000000
32 217 7128.000000
32 311 10272.000000
32 368 12408.000000
32 379 12540.000000
32 383 12288.000000
33 33 8419.000000
33 91 7110.000000
33 120 3927.000000
33 179 13983.000000
33 207 6765.000000
33 341 13728.000000
33 388 13464.000000
33 412 11088.000000
33 420 13893.000000
34 5 175.000000
34 27 1050.000000
34 34 4693.000000
34 37 1330.000000
34 118 3978.000000
34 121 4080.000000
34 122 4114.000000
34 138 4658.000000
34 195 6790.000000
34 209 7038.000000
34 210 7072.000000
34 219 7378.000000
34 220 7412.000000
34 265 9170.000000
34 266 9205.000000
34 332 13124.000000
34 365 12716.000000
34 407 13872.000000
34 410 11322.000000
34 429 14620.000000
34 432 14722.000000
34 440 14994.000000
34 443 15096.000000
35 35 3746.000000
35 140 4900.000000
35 182 6732.000000
35 210 7280.000000
35 212 7560.000000
35 244 9072.000000
35 254 9180.000000
35 367 12985.000000
35 379 15715.000000
35 391 14105.000000
36 12 585.000000
36 36 3321.000000
36 39 1404.000000
36 90 4095.000000
36 95 4230.000000
36 125 4464.000000
36 179 7965.000000
36 180 8010.000000
36 392 14184.000000
36 402 14616.000000
36 461 16632.000000
37 5 190.000000
37 27 1140.000000
37 34 1330.000000
37 37 4334.000000
37 44 1755.000000
37 47 1872.000000
37 110 4251.000000
37 176 6786.000000
37 195 7372.000000
37 211 7733.000000
37 222 8140.000000
37 265 9956.000000
37 266 9994.000000
37 381 14948.000000
37 457 16946.000000
38 38 2888.000000
38 39 1520.000000
38 127 4788.000000
38 141 5358.000000
38 223 8436.000000
38 411 15694.000000
38 427 16378.000000
38 446 16986.000000
38 472 18012.000000
38 476 15390.000000
39 36 1404.000000
39 38 1520.000000
39 39 4642.000000
39 125 9672.000000
39 127 5040.000000
39 223 8880.000000
39 392 15366.000000
39 402 15834.000000
39 411 16520.000000
39 418 16341.000000
39 461 18018.000000
39 472 18960.000000
39 476 16200.000000
39 480 18759.000000
40 6 258.000000
40 7 287.000000
40 8 387.000000
40 28 1558.000000
40 40 5130.000000
40 50 2193.000000
40 57 2320.000000
40 126 5000.000000
40 175 7093.000000
40 177 7175.000000
40 267 10824.000000
40 268 11395.000000
40 269 11438.000000
40 434 17480.000000
40 491 19680.000000
40 494 19800.000000
41 41 5126.000000
41 89 3696.000000
41 130 5289.000000
41 144 5904.000000
41 286 11931.000000
41 293 12054.000000
41 296 9512.000000
41 492 20500.000000
41 506 20787.000000
41 509 20910.000000
42 24 1008.000000
42 42 3528.000000
42 110 4578.000000
42 116 4830.000000
42 297 12516.000000
42 300 12642.000000
42 303 9576.000000
42 518 21966.000000
42 525 18606.000000
43 43 3698.000000
43 61 2666.000000
43 226 9632.000000
43 456 19737.000000
43 496 22231.000000
43 519 22360.000000
43 522 19092.000000
43 533 22962.000000
44 37 1755.000000
44 44 7922.000000
44 47 2160.000000
44 110 4905.000000
44 128 5588.000000
44 149 6512.000000
44 176 7830.000000
44 199 8865.000000
44 218 9504.000000
44 268 14085.000000
44 483 23936.000000
44 525 23144.000000
44 528 19976.000000
45 45 4050.000000
45 221 9855.000000
45 463 20970.000000
45 477 24075.000000
45 538 24345.000000
45 540 24345.000000
45 543 21420.000000
45 549 22275.000000
46 9 468.000000
46 10 520.000000
46 46 6936.000000
46 48 2208.000000
46 66 4784.000000
46 93 4784.000000
46 94 4940.000000
46 115 5244.000000
46 131 5980.000000
46 150 6854.000000
46 197 10140.000000
46 202 9200.000000
46 272 13988.000000
46 350 16146.000000
46 353 16284.000000
46 506 23598.000000
46 550 22540.000000
47 37 1872.000000
47 44 2160.000000
47 47 11627.000000
47 54 2805.000000
47 110 5232.000000
47 153 7191.000000
47 176 8352.000000
47 214 10224.000000
47 274 13872.000000
47 346 16800.000000
47 356 13872.000000
47 498 24017.000000
47 502 23923.000000
47 520 25850.000000
47 552 25991.000000
47 555 23641.000000
47 562 26461.000000
47 565 26602.000000
47 568 26743.000000
47 571 23547.000000
48 8 400.000000
48 46 2208.000000
48 48 7108.000000
48 57 2900.000000
48 60 2800.000000
48 63 3024.000000
48 90 4450.000000
48 131 6240.000000
48 135 6432.000000
48 150 7152.000000
48 177 8750.000000
48 178 8800.000000
48 270 13350.000000
48 506 24624.000000
48 550 23520.000000
48 552 27936.000000
48 584 28080.000000
49 49 7302.000000
49 119 5900.000000
49 134 6517.000000
49 364 18228.000000
49 377 14847.000000
49 407 20600.000000
49 414 20750.000000
49 528 26019.000000
49 589 28910.000000
50 6 306.000000
50 8 459.000000
50 40 2193.000000
50 50 7601.000000
50 51 2550.000000
50 135 6700.000000
50 136 6750.000000
50 155 7700.000000
50 225 11150.000000
50 268 13515.000000
50 269 13566.000000
50 549 29900.000000
50 600 29550.000000
50 601 30200.000000
50 607 30400.000000
51 50 2550.000000
51 51 5202.000000
51 67 3417.000000
51 135 6834.000000
51 225 11373.000000
51 227 11475.000000
51 549 30498.000000
51 584 29886.000000
51 600 30141.000000
51 619 31620.000000
52 52 8217.000000
52 68 3588.000000
52 138 7124.000000
52 139 7314.000000
52 240 12376.000000
52 425 22152.000000
52 428 18356.000000
52 566 32396.000000
52 576 33231.000000
52 625 32552.000000
52 628 32708.000000
52 631 32864.000000
52 641 34185.000000
52 647 30263.000000
53 53 2809.000000
53 585 31111.000000
53 593 32807.000000
53 665 32648.000000
54 47 2805.000000
54 54 8857.000000
54 69 3780.000000
54 274 14960.000000
54 607 36126.000000
54 648 35208.000000
54 655 35424.000000
54 658 35586.000000
54 675 32832.000000
55 55 9075.000000
55 124 6765.000000
55 143 7810.000000
55 145 7920.000000
55 147 8030.000000
55 234 12815.000000
55 242 13200.000000
55 400 25300.000000
55 467 25740.000000
55 470 25905.000000
55 670 37235.000000
55 673 37345.000000
55 679 36960.000000
55 681 37565.000000
56 56 6272.000000
56 144 8008.000000
56 148 8232.000000
56 216 11984.000000
56 424 26992.000000
56 614 36904.000000
56 684 38584.000000
57 8 464.000000
57 40 2320.000000
57 48 2900.000000
57 57 17715.000000
57 60 3248.000000
57 74 4275.000000
57 90 5162.000000
57 96 6499.000000
57 113 7571.000000
57 126 7250.000000
57 163 9234.000000
57 177 10150.000000
57 178 10208.000000
57 232 13110.000000
57 235 13281.000000
57 270 15486.000000
57 273 18090.000000
57 434 25346.000000
57 491 28536.000000
57 494 28710.000000
57 621 35796.000000
57 643 39615.000000
57 700 39957.000000
58 58 6728.000000
58 70 4060.000000
58 146 16820.000000
58 685 41122.000000
58 705 41180.000000
58 712 41354.000000
58 720 41818.000000
59 59 3481.000000
59 147 8614.000000
59 236 13806.000000
59 244 14337.000000
59 722 42716.000000
59 726 42893.000000
60 8 448.000000
60 48 2800.000000
60 57 3248.000000
60 60 10336.000000
60 90 4984.000000
60 177 9800.000000
60 178 9856.000000
60 237 28200.000000
60 270 14952.000000
60 689 43380.000000
60 728 41520.000000
60 735 44340.000000
60 741 42120.000000
61 7 434.000000
61 43 2666.000000
61 61 20030.000000
61 62 3782.000000
61 64 4030.000000
61 67 3720.000000
61 98 6930.000000
61 101 7140.000000
61 191 13230.000000
61 226 13888.000000
61 456 28458.000000
61 526 32269.000000
61 531 32452.000000
61 533 33108.000000
61 739 45262.000000
62 61 3782.000000
62 62 7688.000000
62 84 5208.000000
62 148 9114.000000
62 688 45074.000000
62 739 46004.000000
62 753 46748.000000
62 759 45446.000000
63 48 3024.000000
63 63 7938.000000
63 66 4158.000000
63 135 8442.000000
63 151 9450.000000
63 239 14931.000000
63 552 36666.000000
63 584 36855.000000
63 763 48132.000000
63 766 48321.000000
64 7 455.000000
64 61 4030.000000
64 64 16513.000000
64 67 3900.000000
64 85 5440.000000
64 139 8832.000000
64 152 9664.000000
64 222 14080.000000
64 232 14720.000000
64 240 15232.000000
64 241 15296.000000
64 249 15872.000000
64 514 35584.000000
64 572 36672.000000
64 756 48512.000000
64 774 49600.000000
64 777 49792.000000
64 785 50368.000000
65 65 8450.000000
65 149 9620.000000
65 257 16640.000000
65 738 48100.000000
65 769 50050.000000
65 795 51740.000000
66 9 828.000000
66 10 920.000000
66 46 4784.000000
66 63 4158.000000
66 66 21532.000000
66 93 8464.000000
66 94 8740.000000
66 136 8910.000000
66 151 9900.000000
66 197 17940.000000
66 239 15642.000000
66 244 15972.000000
66 272 24748.000000
66 590 39006.000000
66 593 39204.000000
66 596 34914.000000
66 763 50424.000000
66 765 52668.000000
66 766 50622.000000
66 804 53130.000000
67 7 420.000000
67 51 3417.000000
67 61 3720.000000
67 64 3900.000000
67 67 12578.000000
67 227 15075.000000
67 584 39262.000000
67 619 41540.000000
67 773 52126.000000
67 813 54538.000000
67 816 52193.000000
68 52 3588.000000
68 68 23954.000000
68 71 4071.000000
68 74 5400.000000
68 77 5616.000000
68 111 7659.000000
68 138 9453.000000
68 142 9588.000000
68 240 32606.000000
68 244 16456.000000
68 252 17000.000000
68 271 19296.000000
68 566 42987.000000
68 606 45220.000000
68 625 43194.000000
68 628 43401.000000
68 631 43608.000000
68 669 45560.000000
68 672 45764.000000
68 792 54060.000000
68 820 55828.000000
69 10 770.000000
69 13 1078.000000
69 54 3780.000000
69 69 20351.000000
69 93 7084.000000
69 103 8008.000000
69 106 4851.000000
69 181 13783.000000
69 201 15400.000000
69 231 15801.000000
69 233 15939.000000
69 245 16767.000000
69 274 20867.000000
69 607 46830.000000
69 675 42560.000000
69 676 46713.000000
69 801 55545.000000
69 833 57546.000000
69 836 57753.000000
70 58 4060.000000
70 70 9941.000000
70 146 10150.000000
70 162 11431.000000
70 651 46363.000000
70 703 50197.000000
70 705 49700.000000
70 709 45724.000000
70 712 49910.000000
71 68 4071.000000
71 71 13563.000000
71 111 6549.000000
71 159 11218.000000
71 175 12354.000000
71 246 17324.000000
71 247 34790.000000
71 256 18034.000000
71 818 59711.000000
71 826 58788.000000
71 846 60137.000000
71 855 60776.000000
72 72 15697.000000
72 88 6336.000000
72 152 10872.000000
72 153 10944.000000
72 156 11315.000000
72 158 11304.000000
72 229 16571.000000
72 243 17352.000000
72 570 42194.000000
72 645 47377.000000
72 653 42340.000000
72 771 55584.000000
72 807 58392.000000
72 859 61920.000000
73 73 23574.000000
73 74 5402.000000
73 127 14464.000000
73 130 14803.000000
73 154 11322.000000
73 276 30849.000000
73 823 61272.000000
73 867 63437.000000
73 872 63729.000000
74 57 4275.000000
74 68 5400.000000
74 73 5402.000000
74 74 16726.000000
74 77 5850.000000
74 235 17475.000000
74 271 20100.000000
74 643 52125.000000
74 700 52575.000000
74 867 64306.000000
74 872 64602.000000
75 75 22850.000000
75 111 11984.000000
75 114 7918.000000
75 145 10944.000000
75 163 12150.000000
75 191 20330.000000
75 624 48412.000000
75 646 53428.000000
75 705 53656.000000
75 856 66300.000000
76 11 1100.000000
76 76 21705.000000
76 91 6916.000000
76 94 9300.000000
76 107 10800.000000
76 113 11200.000000
76 164 12551.000000
76 165 12628.000000
76 182 13832.000000
76 251 18924.000000
76 864 65816.000000
76 873 68453.000000
76 890 67716.000000
76 893 68838.000000
77 68 5616.000000
77 74 5850.000000
77 77 18097.000000
77 95 7392.000000
77 165 12628.000000
77 166 12870.000000
77 252 38750.000000
77 253 19578.000000
77 263 20174.000000
77 271 20904.000000
77 876 69498.000000
77 886 69377.000000
77 895 69888.000000
77 904 67837.000000
78 78 6241.000000
78 168 13193.000000
78 254 19908.000000
78 902 71337.000000
78 906 71653.000000
79 79 6241.000000
79 166 13035.000000
79 184 14536.000000
79 904 71495.000000
79 918 72601.000000
80 80 12961.000000
80 144 11745.000000
80 147 6642.000000
80 255 20240.000000
80 920 73840.000000
81 9 738.000000
81 31 2788.000000
81 81 20009.000000
81 84 2870.000000
81 96 7790.000000
81 147 11972.000000
81 164 13203.000000
81 167 13612.000000
81 274 22222.000000
81 698 59778.000000
81 729 59130.000000
81 732 59373.000000
81 735 60352.000000
81 738 57318.000000
82 82 6724.000000
82 167 13612.000000
82 187 15252.000000
82 257 20910.000000
82 935 76752.000000
83 14 1218.000000
83 83 21347.000000
83 119 10266.000000
83 147 12118.000000
83 150 13137.000000
83 168 13861.000000
83 185 15921.000000
83 238 19588.000000
83 239 19671.000000
83 712 61586.000000
83 745 61918.000000
83 748 59179.000000
83 938 78020.000000
84 9 315.000000
84 11 1020.000000
84 31 1190.000000
84 62 5208.000000
84 81 2870.000000
84 84 22562.000000
84 87 7480.000000
84 92 7735.000000
84 96 3325.000000
84 148 12348.000000
84 258 21504.000000
84 260 21672.000000
84 271 22780.000000
84 274 9485.000000
84 688 61068.000000
84 753 63336.000000
84 759 61572.000000
84 942 79296.000000
84 946 79212.000000
85 64 5440.000000
85 85 7225.000000
85 152 12835.000000
85 241 20315.000000
85 249 21080.000000
85 756 64430.000000
85 785 66895.000000
86 1 85.000000
86 7 680.000000
86 86 7225.000000
86 262 22015.000000
87 5 516.000000
87 11 1056.000000
87 15 1548.000000
87 17 1720.000000
87 20 1204.000000
87 27 2408.000000
87 84 7480.000000
87 87 37849.000000
87 88 7482.000000
87 92 8008.000000
87 109 9288.000000
87 162 14168.000000
87 194 16598.000000
87 241 21032.000000
87 242 20880.000000
87 243 20967.000000
87 271 23584.000000
87 734 65208.000000
87 746 67672.000000
87 773 68112.000000
87 786 68556.000000
87 791 68904.000000
87 794 68730.000000
88 15 1566.000000
88 16 1440.000000
88 20 1218.000000
88 72 6336.000000
88 87 7482.000000
88 88 31334.000000
88 153 13860.000000
88 156 14130.000000
88 158 13816.000000
88 163 14418.000000
88 181 16109.000000
88 859 75680.000000
88 875 78142.000000
88 880 78409.000000
89 41 3696.000000
89 89 15844.000000
89 155 13860.000000
89 159 14310.000000
89 248 22140.000000
89 845 76500.000000
89 852 76770.000000
90 8 712.000000
90 12 1183.000000
90 36 4095.000000
90 48 4450.000000
90 57 5162.000000
90 60 4984.000000
90 90 24302.000000
90 95 8554.000000
90 177 15575.000000
90 178 15664.000000
90 179 16107.000000
90 180 32398.000000
90 261 23310.000000
90 270 23763.000000
90 857 77220.000000
91 33 7110.000000
91 76 6916.000000
91 91 16381.000000
91 179 15930.000000
91 182 16562.000000
91 251 22659.000000
91 864 78806.000000
91 890 81081.000000
92 11 1092.000000
92 84 7735.000000
92 87 8008.000000
92 92 16745.000000
92 249 22724.000000
92 258 23552.000000
92 271 24388.000000
92 843 79856.000000
92 871 80500.000000
92 877 77648.000000
93 9 828.000000
93 10 1840.000000
93 13 1288.000000
93 46 4784.000000
93 66 8464.000000
93 69 7084.000000
93 93 26144.000000
93 94 8740.000000
93 97 9216.000000
93 103 9568.000000
93 106 5796.000000
93 120 11520.000000
93 158 15264.000000
93 181 16468.000000
93 197 17940.000000
93 201 18400.000000
93 272 24748.000000
93 274 24932.000000
93 279 26496.000000
93 282 26784.000000
94 9 855.000000
94 10 950.000000
94 11 1023.000000
94 12 1116.000000
94 15 1455.000000
94 46 4940.000000
94 66 8740.000000
94 76 9300.000000
94 93 8740.000000
94 94 35732.000000
94 104 15326.000000
94 107 10044.000000
94 111 10881.000000
94 113 10416.000000
94 119 11160.000000
94 183 16833.000000
94 185 17751.000000
94 197 18525.000000
94 272 25555.000000
94 283 26133.000000
95 12 2350.000000
95 36 4230.000000
95 77 7392.000000
95 90 8554.000000
95 95 26888.000000
95 131 12408.000000
95 165 15744.000000
95 179 16638.000000
95 180 16732.000000
95 194 18048.000000
95 252 24000.000000
95 263 25152.000000
95 277 25756.000000
95 886 86496.000000
95 904 84576.000000
96 9 855.000000
96 13 1235.000000
96 31 3230.000000
96 57 6499.000000
96 81 7790.000000
96 84 3325.000000
96 96 27459.000000
96 113 10961.000000
96 134 13110.000000
96 140 13395.000000
96 273 26190.000000
96 274 25745.000000
96 277 26030.000000
97 15 1440.000000
97 93 9216.000000
97 97 18432.000000
97 98 9312.000000
97 120 11520.000000
97 147 14208.000000
97 158 15264.000000
97 279 26496.000000
97 280 26592.000000
97 282 26784.000000
98 15 1455.000000
98 61 6930.000000
98 97 9312.000000
98 98 28619.000000
98 101 10098.000000
98 105 15520.000000
98 147 14356.000000
98 164 16296.000000
98 170 10282.000000
98 191 18711.000000
98 280 53738.000000
98 281 26966.000000
99 15 1470.000000
99 24 2352.000000
99 99 19405.000000
99 118 16464.000000
99 172 16954.000000
99 208 20286.000000
99 937 92961.000000
99 942 93357.000000
100 16 1584.000000
100 100 9801.000000
100 105 10296.000000
100 175 17721.000000
100 184 18315.000000
100 187 18315.000000
100 282 27621.000000
100 284 27819.000000
101 17 1717.000000
101 18 1818.000000
101 26 2700.000000
101 61 7140.000000
101 98 10098.000000
101 101 41009.000000
101 106 10500.000000
101 139 19500.000000
101 186 18584.000000
101 189 19190.000000
101 191 19278.000000
101 197 19800.000000
101 200 13600.000000
101 208 20600.000000
101 267 27030.000000
101 283 28280.000000
101 945 96594.000000
101 951 97104.000000
102 102 10201.000000
102 145 21412.000000
102 215 21816.000000
103 10 1040.000000
103 13 1456.000000
103 19 1938.000000
103 69 8008.000000
103 93 9568.000000
103 103 21220.000000
103 106 6552.000000
103 171 17952.000000
103 181 18616.000000
103 201 20800.000000
103 226 16014.000000
103 274 28184.000000
104 15 2370.000000
104 17 1751.000000
104 19 1957.000000
104 94 15326.000000
104 104 56791.000000
104 127 13081.000000
104 142 20188.000000
104 162 17510.000000
104 177 18540.000000
104 185 28914.000000
104 187 19055.000000
104 190 19776.000000
104 202 20600.000000
104 234 24205.000000
104 237 18334.000000
104 242 25132.000000
104 246 25441.000000
104 289 29458.000000
105 16 1664.000000
105 30 3120.000000
105 98 15520.000000
105 100 10296.000000
105 105 47232.000000
105 124 12792.000000
105 164 26880.000000
105 170 16960.000000
105 175 18616.000000
105 184 19240.000000
105 187 19240.000000
105 209 21528.000000
105 249 26000.000000
105 280 44320.000000
105 281 44480.000000
105 282 29016.000000
105 284 29224.000000
106 2 212.000000
106 7 954.000000
106 10 630.000000
106 13 2366.000000
106 21 2205.000000
106 26 2835.000000
106 69 4851.000000
106 93 5796.000000
106 101 10500.000000
106 103 6552.000000
106 106 37255.000000
106 139 20475.000000
106 181 11277.000000
106 191 19845.000000
106 193 20246.000000
106 197 20790.000000
106 200 14280.000000
106 201 12600.000000
106 208 21630.000000
106 212 22155.000000
106 246 26880.000000
106 258 27195.000000
106 274 17073.000000
106 290 30135.000000
106 292 30450.000000
107 11 1188.000000
107 21 2332.000000
107 28 2968.000000
107 76 10800.000000
107 94 10044.000000
107 107 34136.000000
107 113 12096.000000
107 115 12296.000000
107 117 12296.000000
107 182 19080.000000
107 272 28938.000000
107 275 28832.000000
107 276 28938.000000
108 23 2461.000000
108 108 34347.000000
108 192 20330.000000
108 194 20544.000000
108 195 20651.000000
108 203 21828.000000
108 206 22149.000000
108 273 29318.000000
108 276 29318.000000
108 280 30067.000000
108 283 23219.000000
108 284 30067.000000
109 5 648.000000
109 17 2160.000000
109 27 3024.000000
109 87 9288.000000
109 109 23328.000000
109 194 20844.000000
109 197 21168.000000
109 230 30672.000000
109 287 31104.000000
109 290 24192.000000
110 24 5232.000000
110 25 2725.000000
110 37 4251.000000
110 42 4578.000000
110 44 4905.000000
110 47 5232.000000
110 110 35643.000000
110 116 12535.000000
110 176 18966.000000
110 261 33681.000000
110 297 32482.000000
110 300 32809.000000
110 303 24852.000000
110 311 34008.000000
111 12 1404.000000
111 68 7659.000000
111 71 6549.000000
111 75 11984.000000
111 94 10881.000000
111 111 50654.000000
111 112 12210.000000
111 114 8288.000000
111 119 14040.000000
111 183 21177.000000
111 191 21280.000000
111 196 21340.000000
111 256 28600.000000
111 283 32877.000000
111 309 34430.000000
111 315 29040.000000
112 27 2997.000000
112 111 12210.000000
112 112 37867.000000
112 120 13209.000000
112 122 14145.000000
112 125 14490.000000
112 196 21534.000000
112 256 28860.000000
112 309 34743.000000
112 315 29304.000000
112 316 36630.000000
112 332 36963.000000
113 11 1232.000000
113 27 3024.000000
113 57 7571.000000
113 76 11200.000000
113 94 10416.000000
113 96 10961.000000
113 107 12096.000000
113 113 37857.000000
113 114 12656.000000
113 200 22176.000000
113 273 30510.000000
113 278 38080.000000
113 342 31696.000000
114 27 3051.000000
114 30 3390.000000
114 75 7918.000000
114 111 8288.000000
114 113 12656.000000
114 114 47914.000000
114 134 16380.000000
114 184 23660.000000
114 191 14060.000000
114 200 22374.000000
114 215 24182.000000
114 278 74300.000000
114 342 31979.000000
114 355 40341.000000
114 359 40680.000000
115 21 2552.000000
115 25 2850.000000
115 30 3420.000000
115 32 3762.000000
115 46 5244.000000
115 107 12296.000000
115 115 65440.000000
115 134 15162.000000
115 136 15504.000000
115 182 20880.000000
115 202 22800.000000
115 203 22914.000000
115 217 24624.000000
115 245 28728.000000
115 275 31552.000000
115 276 31668.000000
115 304 35112.000000
115 310 36138.000000
115 319 36480.000000
115 350 40014.000000
115 353 40356.000000
115 368 84930.000000
115 379 43320.000000
116 24 2760.000000
116 42 4830.000000
116 110 12535.000000
116 116 26450.000000
116 207 23575.000000
116 297 34270.000000
116 300 34615.000000
116 303 26220.000000
116 329 44735.000000
116 391 45080.000000
117 28 3248.000000
117 107 12296.000000
117 117 26912.000000
117 272 31668.000000
117 320 38048.000000
117 385 45124.000000
117 396 46052.000000
117 399 46400.000000
118 15 2520.000000
118 24 4032.000000
118 29 3393.000000
118 34 3978.000000
118 99 16464.000000
118 118 55602.000000
118 138 16029.000000
118 172 29064.000000
118 208 34776.000000
118 219 25389.000000
118 294 35100.000000
118 332 45162.000000
118 358 42588.000000
118 366 42939.000000
118 407 47736.000000
118 410 38961.000000
119 12 1440.000000
119 14 1652.000000
119 49 5900.000000
119 83 10266.000000
119 94 11160.000000
119 111 14040.000000
119 119 42248.000000
119 150 17818.000000
119 183 21720.000000
119 185 21594.000000
119 283 33720.000000
119 407 48616.000000
119 414 48970.000000
120 27 3213.000000
120 33 3927.000000
120 93 11520.000000
120 97 11520.000000
120 112 13209.000000
120 120 42722.000000
120 158 19080.000000
120 279 33120.000000
120 282 33480.000000
120 316 39270.000000
120 332 39627.000000
120 341 49504.000000
120 420 50099.000000
121 34 4080.000000
121 121 29041.000000
121 153 19239.000000
121 163 19844.000000
121 166 20207.000000
121 206 24805.000000
121 209 24840.000000
121 429 51600.000000
121 432 51960.000000
122 34 4114.000000
122 112 14145.000000
122 122 74340.000000
122 125 15498.000000
122 175 30448.000000
122 178 20760.000000
122 186 31832.000000
122 189 32351.000000
122 210 25168.000000
122 220 26378.000000
122 365 45254.000000
122 375 53240.000000
122 440 53361.000000
122 443 53724.000000
122 451 54692.000000
122 454 45980.000000
123 123 14884.000000
123 212 25620.000000
123 452 55510.000000
124 26 4810.000000
124 30 3690.000000
124 55 6765.000000
124 105 12792.000000
124 124 64483.000000
124 192 35705.000000
124 195 23125.000000
124 209 25461.000000
124 210 38665.000000
124 249 30750.000000
124 400 56580.000000
124 467 57564.000000
124 470 57933.000000
125 28 3625.000000
125 36 4464.000000
125 39 9672.000000
125 112 14490.000000
125 122 15498.000000
125 125 62253.000000
125 156 20625.000000
125 188 23250.000000
125 221 27750.000000
125 224 20375.000000
125 286 35375.000000
125 392 48856.000000
125 402 50344.000000
125 418 51956.000000
125 461 57288.000000
125 480 59644.000000
126 40 5000.000000
126 57 7250.000000
126 126 31250.000000
126 213 26375.000000
126 395 49875.000000
126 434 54625.000000
126 464 58125.000000
126 491 61500.000000
126 494 61875.000000
127 38 4788.000000
127 39 5040.000000
127 73 14464.000000
127 104 13081.000000
127 127 64265.000000
127 130 16768.000000
127 190 24384.000000
127 223 27972.000000
127 242 30988.000000
127 246 31369.000000
127 276 34944.000000
127 289 36322.000000
127 411 52038.000000
127 472 59724.000000
127 476 51030.000000
127 501 63252.000000
127 504 56322.000000
128 20 2560.000000
128 44 5588.000000
128 128 48642.000000
128 149 18796.000000
128 191 24192.000000
128 199 26112.000000
128 218 27432.000000
128 225 28321.000000
128 241 31744.000000
128 291 36992.000000
128 441 61722.000000
128 496 63119.000000
128 499 56642.000000
128 525 66802.000000
128 528 57658.000000
129 129 32768.000000
129 143 18176.000000
129 218 27648.000000
129 219 27776.000000
129 227 28800.000000
129 473 60800.000000
129 478 68224.000000
129 536 68736.000000
129 544 69760.000000
130 41 5289.000000
130 73 14803.000000
130 127 16768.000000
130 130 50443.000000
130 131 16770.000000
130 276 35763.000000
130 286 37539.000000
130 293 37926.000000
130 296 29928.000000
130 546 70563.000000
131 12 1584.000000
131 46 5980.000000
131 48 6240.000000
131 95 12408.000000
131 130 16770.000000
131 131 51224.000000
131 150 19370.000000
131 194 25344.000000
131 277 36168.000000
131 506 66690.000000
131 546 71110.000000
131 550 63700.000000
132 132 34322.000000
132 229 29868.000000
132 485 70609.000000
132 546 61570.000000
132 560 73491.000000
133 133 34848.000000
133 221 28908.000000
133 223 29172.000000
133 510 67980.000000
133 556 73524.000000
133 559 66528.000000
133 572 75900.000000
133 577 76296.000000
134 13 1794.000000
134 49 6517.000000
134 96 13110.000000
134 114 16380.000000
134 115 15162.000000
134 134 87987.000000
134 140 19458.000000
134 184 22932.000000
134 203 26733.000000
134 277 37812.000000
134 278 34776.000000
134 304 40964.000000
134 368 49077.000000
134 528 70623.000000
134 553 76475.000000
134 580 77273.000000
134 589 78470.000000
135 48 6432.000000
135 50 6700.000000
135 51 6834.000000
135 63 8442.000000
135 135 54408.000000
135 138 17544.000000
135 225 29882.000000
135 278 37400.000000
135 549 80132.000000
135 552 77988.000000
135 584 78390.000000
135 600 79194.000000
136 30 4080.000000
136 32 4488.000000
136 50 6750.000000
136 66 8910.000000
136 115 15504.000000
136 136 54946.000000
136 155 20790.000000
136 217 29376.000000
136 368 51136.000000
136 379 51680.000000
136 590 79785.000000
136 593 80190.000000
136 596 71415.000000
136 601 81540.000000
136 607 82080.000000
137 137 18496.000000
137 228 30736.000000
137 583 83096.000000
137 617 84048.000000
138 34 4658.000000
138 52 7124.000000
138 68 9453.000000
138 118 16029.000000
138 135 17544.000000
138 138 72948.000000
138 219 29729.000000
138 240 32606.000000
138 278 35475.000000
138 332 52882.000000
138 356 49183.000000
138 407 55896.000000
138 410 45621.000000
138 430 59458.000000
138 566 85351.000000
138 625 85762.000000
138 628 86173.000000
138 631 86584.000000
139 26 5265.000000
139 52 7314.000000
139 64 8832.000000
139 101 19500.000000
139 106 20475.000000
139 139 76113.000000
139 197 38610.000000
139 200 26520.000000
139 208 40170.000000
139 222 30360.000000
139 232 31740.000000
139 514 76728.000000
139 572 79074.000000
139 576 86526.000000
139 641 89010.000000
139 647 78798.000000
140 13 1833.000000
140 35 4900.000000
140 96 13395.000000
140 134 19458.000000
140 140 78123.000000
140 277 38634.000000
140 342 58658.000000
140 367 51940.000000
140 379 62860.000000
140 424 48928.000000
140 560 78535.000000
140 622 86597.000000
141 38 5358.000000
141 141 40045.000000
141 185 25986.000000
141 427 60771.000000
141 446 63027.000000
142 17 3332.000000
142 68 9588.000000
142 104 20188.000000
142 142 78178.000000
142 187 36260.000000
142 202 39200.000000
142 240 33558.000000
142 606 93765.000000
142 618 92214.000000
142 661 93342.000000
142 669 94470.000000
142 672 94893.000000
143 55 7810.000000
143 129 18176.000000
143 143 60777.000000
143 147 20732.000000
143 215 30459.000000
143 218 30672.000000
143 227 31950.000000
143 234 33086.000000
143 423 68783.000000
143 478 75686.000000
143 483 69212.000000
143 536 76254.000000
143 670 96134.000000
143 679 95424.000000
144 18 3816.000000
144 41 5904.000000
144 56 8008.000000
144 80 11745.000000
144 144 127603.000000
144 147 11890.000000
144 148 21021.000000
144 187 39220.000000
144 230 32604.000000
144 287 60208.000000
144 492 72000.000000
144 506 73008.000000
144 509 73440.000000
144 614 94237.000000
144 674 96668.000000
144 684 98527.000000
145 55 7920.000000
145 75 10944.000000
145 102 21412.000000
145 145 86416.000000
145 215 45792.000000
145 242 34560.000000
145 624 91728.000000
145 646 101232.000000
145 673 97776.000000
145 681 98352.000000
145 705 101664.000000
146 58 16820.000000
146 70 10150.000000
146 146 64251.000000
146 155 31886.000000
146 219 32780.000000
146 285 42018.000000
146 685 102805.000000
146 705 102950.000000
146 712 103385.000000
146 720 104545.000000
147 15 2220.000000
147 55 8030.000000
147 59 8614.000000
147 80 6642.000000
147 81 11972.000000
147 83 12118.000000
147 97 14208.000000
147 98 14356.000000
147 143 20732.000000
147 144 11890.000000
147 147 113892.000000
147 167 24236.000000
147 234 34018.000000
147 236 34164.000000
147 238 34456.000000
147 239 34602.000000
147 244 35478.000000
147 280 40996.000000
147 670 98842.000000
147 679 98112.000000
147 698 106434.000000
147 712 108332.000000
147 722 105704.000000
147 726 106142.000000
147 735 107456.000000
147 738 102054.000000
147 745 108916.000000
147 748 104098.000000
148 56 8232.000000
148 62 9114.000000
148 84 12348.000000
148 144 21021.000000
148 148 64827.000000
148 163 23814.000000
148 246 35868.000000
148 614 96873.000000
148 684 101283.000000
148 688 106869.000000
148 745 110103.000000
148 753 110838.000000
148 759 107751.000000
149 44 6512.000000
149 65 9620.000000
149 128 18796.000000
149 149 65712.000000
149 169 25012.000000
149 218 31968.000000
149 257 37888.000000
149 525 77848.000000
149 528 67192.000000
149 738 109520.000000
149 769 113960.000000
149 775 115440.000000
149 782 115884.000000
150 14 2114.000000
150 46 6854.000000
150 48 7152.000000
150 83 13137.000000
150 119 17818.000000
150 131 19370.000000
150 150 67203.000000
150 185 27633.000000
150 506 76437.000000
150 550 73010.000000
150 757 113091.000000
150 789 117710.000000
151 63 9450.000000
151 66 9900.000000
151 151 45000.000000
151 239 35550.000000
151 730 114000.000000
151 763 114600.000000
151 766 115050.000000
151 799 120000.000000
151 802 109650.000000
152 64 9664.000000
152 72 10872.000000
152 85 12835.000000
152 152 68706.000000
152 153 22952.000000
152 220 33136.000000
152 229 34504.000000
152 241 36089.000000
152 243 36391.000000
152 249 37448.000000
152 547 83296.000000
152 756 114458.000000
152 771 116572.000000
152 785 118837.000000
152 807 122461.000000
153 16 2464.000000
153 47 7191.000000
153 72 10944.000000
153 88 13860.000000
153 121 19239.000000
153 152 22952.000000
153 153 95510.000000
153 156 24178.000000
153 163 26076.000000
153 166 26553.000000
153 206 32595.000000
153 243 36632.000000
153 502 77877.000000
153 562 86139.000000
153 565 86598.000000
153 568 87057.000000
153 571 76653.000000
153 771 117344.000000
153 807 123272.000000
154 73 11322.000000
154 154 46818.000000
154 255 38709.000000
154 806 123624.000000
154 823 126684.000000
154 838 128367.000000
155 50 7700.000000
155 89 13860.000000
155 136 20790.000000
155 146 31886.000000
155 155 116944.000000
155 159 24486.000000
155 219 47080.000000
155 248 37884.000000
155 285 60348.000000
155 601 93016.000000
155 607 93632.000000
155 809 125048.000000
155 838 129514.000000
155 843 129976.000000
155 845 130900.000000
155 852 131362.000000
156 16 2512.000000
156 28 4785.000000
156 72 11315.000000
156 88 14130.000000
156 125 20625.000000
156 153 24178.000000
156 156 100235.000000
156 188 30690.000000
156 221 36630.000000
156 224 26895.000000
156 229 35185.000000
156 286 46695.000000
156 570 89590.000000
156 599 93756.000000
156 603 93600.000000
156 645 100595.000000
156 653 89900.000000
157 157 48985.000000
157 230 35568.000000
157 232 35880.000000
157 611 96084.000000
157 614 96555.000000
157 660 103584.000000
157 667 104208.000000
158 72 11304.000000
158 88 13816.000000
158 93 15264.000000
158 97 15264.000000
158 120 19080.000000
158 158 49930.000000
158 279 43884.000000
158 282 44361.000000
158 859 135020.000000
159 71 11218.000000
159 89 14310.000000
159 155 24486.000000
159 159 50245.000000
159 247 38710.000000
159 248 39114.000000
159 256 40132.000000
159 826 130824.000000
159 845 135150.000000
159 852 135627.000000
159 855 135248.000000
160 160 25600.000000
160 228 36160.000000
160 577 100160.000000
160 640 103520.000000
160 649 104000.000000
161 161 25600.000000
161 248 39360.000000
161 833 134400.000000
161 865 139040.000000
162 19 3230.000000
162 70 11431.000000
162 87 14168.000000
162 104 17510.000000
162 162 80742.000000
162 177 30600.000000
162 234 39950.000000
162 237 30260.000000
162 241 38479.000000
162 651 105133.000000
162 703 113827.000000
162 709 103684.000000
162 734 119301.000000
162 746 123809.000000
162 773 124614.000000
163 57 9234.000000
163 75 12150.000000
163 88 14418.000000
163 121 19844.000000
163 148 23814.000000
163 153 26076.000000
163 163 131872.000000
163 166 27388.000000
163 181 29322.000000
163 206 33620.000000
163 232 37260.000000
163 246 39528.000000
163 621 101736.000000
163 745 121338.000000
163 856 143208.000000
163 875 142236.000000
163 880 142722.000000
164 76 12551.000000
164 81 13203.000000
164 98 16296.000000
164 105 26880.000000
164 164 81362.000000
164 165 26732.000000
164 170 17808.000000
164 280 46536.000000
164 281 46704.000000
